1920
47 48 3 4194304 2.000000086
26 27 3 4194304 2.000000268
62 63 3 4194304 2.000000576
86 87 3 4194304 2.000000631
78 79 3 4194304 2.000000647
25 26 3 4194304 2.000000943
14 15 3 4194304 2.000001097
68 69 3 4194304 2.000001200
54 55 3 4194304 2.000001225
108 109 3 4194304 2.000001357
17 18 3 4194304 2.000001467
10 11 3 4194304 2.000001546
84 85 3 4194304 2.000001574
51 52 3 4194304 2.000001587
127 0 3 4194304 2.000002082
73 74 3 4194304 2.000002132
58 59 3 4194304 2.000002180
59 60 3 4194304 2.000002193
63 64 3 4194304 2.000002295
50 51 3 4194304 2.000002381
1 2 3 4194304 2.000002412
106 107 3 4194304 2.000002420
56 57 3 4194304 2.000002526
45 46 3 4194304 2.000002634
9 10 3 4194304 2.000002771
118 119 3 4194304 2.000002974
77 78 3 4194304 2.000003048
5 6 3 4194304 2.000003065
80 81 3 4194304 2.000003204
30 31 3 4194304 2.000003214
75 76 3 4194304 2.000003218
65 66 3 4194304 2.000003227
87 88 3 4194304 2.000003297
3 4 3 4194304 2.000003312
122 123 3 4194304 2.000003321
110 111 3 4194304 2.000003394
107 108 3 4194304 2.000003424
81 82 3 4194304 2.000003459
105 106 3 4194304 2.000003622
19 20 3 4194304 2.000003640
70 71 3 4194304 2.000003674
52 53 3 4194304 2.000003723
126 127 3 4194304 2.000003814
95 96 3 4194304 2.000003874
120 121 3 4194304 2.000004038
35 36 3 4194304 2.000004091
32 33 3 4194304 2.000004346
66 67 3 4194304 2.000004359
72 73 3 4194304 2.000004386
34 35 3 4194304 2.000004421
97 98 3 4194304 2.000004445
67 68 3 4194304 2.000004707
64 65 3 4194304 2.000004752
24 25 3 4194304 2.000004856
102 103 3 4194304 2.000004884
71 72 3 4194304 2.000004943
69 70 3 4194304 2.000004947
27 28 3 4194304 2.000004967
12 13 3 4194304 2.000005128
116 117 3 4194304 2.000005229
39 40 3 4194304 2.000005267
11 12 3 4194304 2.000005291
99 100 3 4194304 2.000005404
49 50 3 4194304 2.000005484
76 77 3 4194304 2.000005557
93 94 3 4194304 2.000005577
40 41 3 4194304 2.000005625
109 110 3 4194304 2.000005684
55 56 3 4194304 2.000005805
2 3 3 4194304 2.000005820
28 29 3 4194304 2.000005824
123 124 3 4194304 2.000005825
113 114 3 4194304 2.000005939
53 54 3 4194304 2.000005980
94 95 3 4194304 2.000006027
46 47 3 4194304 2.000006081
8 9 3 4194304 2.000006115
6 7 3 4194304 2.000006122
31 32 3 4194304 2.000006214
43 44 3 4194304 2.000006218
119 120 3 4194304 2.000006334
115 116 3 4194304 2.000006339
23 24 3 4194304 2.000006382
22 23 3 4194304 2.000006463
74 75 3 4194304 2.000006564
57 58 3 4194304 2.000006797
36 37 3 4194304 2.000006978
21 22 3 4194304 2.000007216
101 102 3 4194304 2.000007268
13 14 3 4194304 2.000007308
98 99 3 4194304 2.000007405
89 90 3 4194304 2.000007549
124 125 3 4194304 2.000007618
4 5 3 4194304 2.000007622
18 19 3 4194304 2.000007622
16 17 3 4194304 2.000007626
111 112 3 4194304 2.000007903
125 126 3 4194304 2.000008168
112 113 3 4194304 2.000008253
29 30 3 4194304 2.000008306
104 105 3 4194304 2.000008352
92 93 3 4194304 2.000008373
61 62 3 4194304 2.000008421
42 43 3 4194304 2.000008475
41 42 3 4194304 2.000008634
15 16 3 4194304 2.000008651
60 61 3 4194304 2.000008708
79 80 3 4194304 2.000008715
82 83 3 4194304 2.000008720
38 39 3 4194304 2.000008740
37 38 3 4194304 2.000008782
88 89 3 4194304 2.000008877
91 92 3 4194304 2.000009027
48 49 3 4194304 2.000009101
85 86 3 4194304 2.000009142
103 104 3 4194304 2.000009237
0 1 3 4194304 2.000009299
100 101 3 4194304 2.000009431
44 45 3 4194304 2.000009462
96 97 3 4194304 2.000009548
7 8 3 4194304 2.000009610
83 84 3 4194304 2.000009651
114 115 3 4194304 2.000009652
121 122 3 4194304 2.000009652
90 91 3 4194304 2.000009724
33 34 3 4194304 2.000009776
117 118 3 4194304 2.000009806
20 21 3 4194304 2.000009996
6 7 3 4194304 2.000340029
2 3 3 4194304 2.000340064
18 19 3 4194304 2.000340064
30 31 3 4194304 2.000340088
108 109 3 4194304 2.000340112
17 18 3 4194304 2.000340228
62 63 3 4194304 2.000340236
16 17 3 4194304 2.000340269
41 42 3 4194304 2.000340273
20 21 3 4194304 2.000340417
8 9 3 4194304 2.000340419
75 76 3 4194304 2.000340465
125 126 3 4194304 2.000340628
101 102 3 4194304 2.000340705
116 117 3 4194304 2.000340755
57 58 3 4194304 2.000340933
83 84 3 4194304 2.000341124
13 14 3 4194304 2.000341127
111 112 3 4194304 2.000341227
55 56 3 4194304 2.000341242
19 20 3 4194304 2.000341394
99 100 3 4194304 2.000341550
42 43 3 4194304 2.000341599
77 78 3 4194304 2.000341650
56 57 3 4194304 2.000341663
96 97 3 4194304 2.000341679
78 79 3 4194304 2.000341684
115 116 3 4194304 2.000341712
26 27 3 4194304 2.000341766
85 86 3 4194304 2.000341816
117 118 3 4194304 2.000341904
63 64 3 4194304 2.000342021
76 77 3 4194304 2.000342132
104 105 3 4194304 2.000342208
74 75 3 4194304 2.000342238
28 29 3 4194304 2.000342371
70 71 3 4194304 2.000342458
105 106 3 4194304 2.000342509
73 74 3 4194304 2.000342518
127 0 3 4194304 2.000342599
33 34 3 4194304 2.000342806
7 8 3 4194304 2.000342835
36 37 3 4194304 2.000342956
15 16 3 4194304 2.000343174
35 36 3 4194304 2.000343466
38 39 3 4194304 2.000343502
103 104 3 4194304 2.000343682
93 94 3 4194304 2.000343736
124 125 3 4194304 2.000343820
4 5 3 4194304 2.000343941
72 73 3 4194304 2.000343968
82 83 3 4194304 2.000344002
64 65 3 4194304 2.000344093
45 46 3 4194304 2.000344159
54 55 3 4194304 2.000344202
52 53 3 4194304 2.000344234
100 101 3 4194304 2.000344335
79 80 3 4194304 2.000344336
25 26 3 4194304 2.000344358
107 108 3 4194304 2.000344505
120 121 3 4194304 2.000344716
9 10 3 4194304 2.000344803
0 1 3 4194304 2.000344879
49 50 3 4194304 2.000345017
44 45 3 4194304 2.000345042
47 48 3 4194304 2.000345069
10 11 3 4194304 2.000345086
43 44 3 4194304 2.000345125
29 30 3 4194304 2.000345180
89 90 3 4194304 2.000345216
84 85 3 4194304 2.000345269
90 91 3 4194304 2.000345287
91 92 3 4194304 2.000345414
106 107 3 4194304 2.000345435
12 13 3 4194304 2.000345468
14 15 3 4194304 2.000345563
27 28 3 4194304 2.000345567
59 60 3 4194304 2.000345717
34 35 3 4194304 2.000345721
40 41 3 4194304 2.000345807
46 47 3 4194304 2.000345916
37 38 3 4194304 2.000345951
69 70 3 4194304 2.000346021
102 103 3 4194304 2.000346085
66 67 3 4194304 2.000346116
88 89 3 4194304 2.000346205
110 111 3 4194304 2.000346259
71 72 3 4194304 2.000346298
92 93 3 4194304 2.000346334
53 54 3 4194304 2.000346341
121 122 3 4194304 2.000346499
11 12 3 4194304 2.000346508
1 2 3 4194304 2.000346599
5 6 3 4194304 2.000346651
31 32 3 4194304 2.000346870
61 62 3 4194304 2.000346890
22 23 3 4194304 2.000347017
95 96 3 4194304 2.000347110
60 61 3 4194304 2.000347142
39 40 3 4194304 2.000347263
126 127 3 4194304 2.000347311
113 114 3 4194304 2.000347378
86 87 3 4194304 2.000347414
118 119 3 4194304 2.000347537
97 98 3 4194304 2.000347599
48 49 3 4194304 2.000347691
24 25 3 4194304 2.000347746
3 4 3 4194304 2.000347850
122 123 3 4194304 2.000347858
98 99 3 4194304 2.000348316
123 124 3 4194304 2.000348363
67 68 3 4194304 2.000348406
65 66 3 4194304 2.000348641
21 22 3 4194304 2.000348672
32 33 3 4194304 2.000348817
50 51 3 4194304 2.000348874
23 24 3 4194304 2.000349067
94 95 3 4194304 2.000349136
87 88 3 4194304 2.000349142
68 69 3 4194304 2.000349157
114 115 3 4194304 2.000349171
58 59 3 4194304 2.000349188
51 52 3 4194304 2.000349245
119 120 3 4194304 2.000349293
112 113 3 4194304 2.000349401
81 82 3 4194304 2.000349420
109 110 3 4194304 2.000349542
80 81 3 4194304 2.000349661
38 39 3 4194304 2.000680047
43 44 3 4194304 2.000680085
51 52 3 4194304 2.000680196
101 102 3 4194304 2.000680351
36 37 3 4194304 2.000680366
49 50 3 4194304 2.000680382
68 69 3 4194304 2.000680536
26 27 3 4194304 2.000680602
1 2 3 4194304 2.000680616
71 72 3 4194304 2.000680644
39 40 3 4194304 2.000680773
20 21 3 4194304 2.000680775
55 56 3 4194304 2.000680794
62 63 3 4194304 2.000680808
91 92 3 4194304 2.000680829
45 46 3 4194304 2.000680868
66 67 3 4194304 2.000680874
50 51 3 4194304 2.000680882
59 60 3 4194304 2.000680910
99 100 3 4194304 2.000681047
6 7 3 4194304 2.000681059
93 94 3 4194304 2.000681116
25 26 3 4194304 2.000681128
5 6 3 4194304 2.000681331
52 53 3 4194304 2.000681351
12 13 3 4194304 2.000681418
84 85 3 4194304 2.000681759
111 112 3 4194304 2.000681819
18 19 3 4194304 2.000681845
33 34 3 4194304 2.000681970
119 120 3 4194304 2.000682029
87 88 3 4194304 2.000682072
58 59 3 4194304 2.000682111
22 23 3 4194304 2.000682137
9 10 3 4194304 2.000682216
48 49 3 4194304 2.000682409
17 18 3 4194304 2.000682476
41 42 3 4194304 2.000682573
79 80 3 4194304 2.000682582
69 70 3 4194304 2.000682680
11 12 3 4194304 2.000682741
42 43 3 4194304 2.000682783
116 117 3 4194304 2.000682851
113 114 3 4194304 2.000682911
54 55 3 4194304 2.000682944
57 58 3 4194304 2.000683222
46 47 3 4194304 2.000683248
29 30 3 4194304 2.000683308
13 14 3 4194304 2.000683446
90 91 3 4194304 2.000683503
95 96 3 4194304 2.000683557
31 32 3 4194304 2.000683672
122 123 3 4194304 2.000683741
98 99 3 4194304 2.000683872
106 107 3 4194304 2.000683896
97 98 3 4194304 2.000683931
8 9 3 4194304 2.000683950
94 95 3 4194304 2.000684018
47 48 3 4194304 2.000684244
35 36 3 4194304 2.000684600
127 0 3 4194304 2.000684644
2 3 3 4194304 2.000684650
96 97 3 4194304 2.000684782
15 16 3 4194304 2.000684905
103 104 3 4194304 2.000684912
67 68 3 4194304 2.000685177
77 78 3 4194304 2.000685247
105 106 3 4194304 2.000685252
74 75 3 4194304 2.000685267
104 105 3 4194304 2.000685293
40 41 3 4194304 2.000685311
60 61 3 4194304 2.000685385
85 86 3 4194304 2.000685472
64 65 3 4194304 2.000685525
21 22 3 4194304 2.000685609
16 17 3 4194304 2.000685722
81 82 3 4194304 2.000685722
28 29 3 4194304 2.000685758
107 108 3 4194304 2.000685809
89 90 3 4194304 2.000685846
3 4 3 4194304 2.000685931
7 8 3 4194304 2.000685973
23 24 3 4194304 2.000686166
78 79 3 4194304 2.000686272
19 20 3 4194304 2.000686363
115 116 3 4194304 2.000686527
27 28 3 4194304 2.000686922
121 122 3 4194304 2.000687084
86 87 3 4194304 2.000687119
53 54 3 4194304 2.000687126
126 127 3 4194304 2.000687218
100 101 3 4194304 2.000687246
34 35 3 4194304 2.000687303
114 115 3 4194304 2.000687321
75 76 3 4194304 2.000687357
120 121 3 4194304 2.000687529
117 118 3 4194304 2.000687655
37 38 3 4194304 2.000687816
30 31 3 4194304 2.000687857
56 57 3 4194304 2.000687871
65 66 3 4194304 2.000688119
92 93 3 4194304 2.000688129
88 89 3 4194304 2.000688135
4 5 3 4194304 2.000688139
63 64 3 4194304 2.000688168
118 119 3 4194304 2.000688247
10 11 3 4194304 2.000688258
44 45 3 4194304 2.000688489
73 74 3 4194304 2.000688497
32 33 3 4194304 2.000688569
61 62 3 4194304 2.000688667
125 126 3 4194304 2.000688686
72 73 3 4194304 2.000688800
76 77 3 4194304 2.000688827
83 84 3 4194304 2.000688890
80 81 3 4194304 2.000688938
112 113 3 4194304 2.000689045
110 111 3 4194304 2.000689060
109 110 3 4194304 2.000689158
102 103 3 4194304 2.000689277
124 125 3 4194304 2.000689486
14 15 3 4194304 2.000689566
0 1 3 4194304 2.000689624
123 124 3 4194304 2.000689662
82 83 3 4194304 2.000689699
70 71 3 4194304 2.000689773
24 25 3 4194304 2.000689792
108 109 3 4194304 2.000689876
118 119 3 4194304 2.001020017
121 122 3 4194304 2.001020029
70 71 3 4194304 2.001020064
0 1 3 4194304 2.001020137
69 70 3 4194304 2.001020267
4 5 3 4194304 2.001020335
72 73 3 4194304 2.001020438
57 58 3 4194304 2.001020527
23 24 3 4194304 2.001020569
3 4 3 4194304 2.001020657
126 127 3 4194304 2.001020766
56 57 3 4194304 2.001020823
33 34 3 4194304 2.001020847
6 7 3 4194304 2.001020896
1 2 3 4194304 2.001020919
46 47 3 4194304 2.001020960
82 83 3 4194304 2.001021036
65 66 3 4194304 2.001021043
38 39 3 4194304 2.001021044
87 88 3 4194304 2.001021063
15 16 3 4194304 2.001021119
78 79 3 4194304 2.001021198
71 72 3 4194304 2.001021274
101 102 3 4194304 2.001021375
127 0 3 4194304 2.001021399
18 19 3 4194304 2.001021416
95 96 3 4194304 2.001021420
77 78 3 4194304 2.001021474
122 123 3 4194304 2.001021483
2 3 3 4194304 2.001021648
102 103 3 4194304 2.001021940
20 21 3 4194304 2.001022050
28 29 3 4194304 2.001022178
80 81 3 4194304 2.001022233
21 22 3 4194304 2.001022326
42 43 3 4194304 2.001022368
47 48 3 4194304 2.001022636
64 65 3 4194304 2.001022693
16 17 3 4194304 2.001022741
114 115 3 4194304 2.001022860
67 68 3 4194304 2.001022896
117 118 3 4194304 2.001023030
35 36 3 4194304 2.001023068
52 53 3 4194304 2.001023255
97 98 3 4194304 2.001023302
79 80 3 4194304 2.001023309
100 101 3 4194304 2.001023328
14 15 3 4194304 2.001023354
110 111 3 4194304 2.001023379
59 60 3 4194304 2.001023464
30 31 3 4194304 2.001023531
98 99 3 4194304 2.001023532
27 28 3 4194304 2.001024210
34 35 3 4194304 2.001024265
39 40 3 4194304 2.001024384
105 106 3 4194304 2.001024499
93 94 3 4194304 2.001024534
11 12 3 4194304 2.001024539
116 117 3 4194304 2.001024616
83 84 3 4194304 2.001024620
120 121 3 4194304 2.001024671
41 42 3 4194304 2.001024842
29 30 3 4194304 2.001024843
104 105 3 4194304 2.001024848
12 13 3 4194304 2.001024925
32 33 3 4194304 2.001024971
112 113 3 4194304 2.001024997
63 64 3 4194304 2.001025017
124 125 3 4194304 2.001025031
44 45 3 4194304 2.001025039
53 54 3 4194304 2.001025039
40 41 3 4194304 2.001025166
61 62 3 4194304 2.001025227
22 23 3 4194304 2.001025323
115 116 3 4194304 2.001025327
109 110 3 4194304 2.001025335
88 89 3 4194304 2.001025434
74 75 3 4194304 2.001025470
60 61 3 4194304 2.001025476
31 32 3 4194304 2.001025553
9 10 3 4194304 2.001025567
123 124 3 4194304 2.001025616
119 120 3 4194304 2.001025812
108 109 3 4194304 2.001025878
99 100 3 4194304 2.001025884
85 86 3 4194304 2.001025942
13 14 3 4194304 2.001025985
86 87 3 4194304 2.001026097
89 90 3 4194304 2.001026227
75 76 3 4194304 2.001026346
54 55 3 4194304 2.001026577
7 8 3 4194304 2.001026703
68 69 3 4194304 2.001026729
91 92 3 4194304 2.001026954
81 82 3 4194304 2.001027100
55 56 3 4194304 2.001027110
107 108 3 4194304 2.001027181
24 25 3 4194304 2.001027299
8 9 3 4194304 2.001027348
5 6 3 4194304 2.001027433
106 107 3 4194304 2.001027622
76 77 3 4194304 2.001027637
17 18 3 4194304 2.001027652
58 59 3 4194304 2.001027795
45 46 3 4194304 2.001027807
90 91 3 4194304 2.001027832
19 20 3 4194304 2.001027993
26 27 3 4194304 2.001028012
62 63 3 4194304 2.001028088
111 112 3 4194304 2.001028308
51 52 3 4194304 2.001028426
94 95 3 4194304 2.001028521
66 67 3 4194304 2.001028592
10 11 3 4194304 2.001028763
37 38 3 4194304 2.001028776
25 26 3 4194304 2.001029003
73 74 3 4194304 2.001029013
36 37 3 4194304 2.001029068
96 97 3 4194304 2.001029292
50 51 3 4194304 2.001029410
84 85 3 4194304 2.001029654
92 93 3 4194304 2.001029695
125 126 3 4194304 2.001029734
43 44 3 4194304 2.001029769
49 50 3 4194304 2.001029804
103 104 3 4194304 2.001029850
48 49 3 4194304 2.001029936
113 114 3 4194304 2.001029972
60 61 3 4194304 2.001360056
48 49 3 4194304 2.001360089
72 73 3 4194304 2.001360113
30 31 3 4194304 2.001360200
95 96 3 4194304 2.001360244
117 118 3 4194304 2.001360296
92 93 3 4194304 2.001360364
31 32 3 4194304 2.001360400
110 111 3 4194304 2.001360401
49 50 3 4194304 2.001360442
36 37 3 4194304 2.001360656
86 87 3 4194304 2.001360714
94 95 3 4194304 2.001360911
71 72 3 4194304 2.001361011
26 27 3 4194304 2.001361064
8 9 3 4194304 2.001361104
82 83 3 4194304 2.001361389
43 44 3 4194304 2.001361432
7 8 3 4194304 2.001361465
14 15 3 4194304 2.001361537
38 39 3 4194304 2.001361562
57 58 3 4194304 2.001361682
33 34 3 4194304 2.001361734
40 41 3 4194304 2.001361745
35 36 3 4194304 2.001361792
46 47 3 4194304 2.001361809
61 62 3 4194304 2.001361993
19 20 3 4194304 2.001362109
119 120 3 4194304 2.001362202
52 53 3 4194304 2.001362252
10 11 3 4194304 2.001362280
100 101 3 4194304 2.001362391
37 38 3 4194304 2.001362475
79 80 3 4194304 2.001362626
22 23 3 4194304 2.001362656
123 124 3 4194304 2.001362886
62 63 3 4194304 2.001363166
74 75 3 4194304 2.001363239
77 78 3 4194304 2.001363284
108 109 3 4194304 2.001363329
58 59 3 4194304 2.001363553
2 3 3 4194304 2.001363707
116 117 3 4194304 2.001363725
54 55 3 4194304 2.001363763
66 67 3 4194304 2.001363974
90 91 3 4194304 2.001364096
51 52 3 4194304 2.001364108
16 17 3 4194304 2.001364138
70 71 3 4194304 2.001364317
75 76 3 4194304 2.001364338
121 122 3 4194304 2.001364363
107 108 3 4194304 2.001364393
69 70 3 4194304 2.001364411
11 12 3 4194304 2.001364758
55 56 3 4194304 2.001364832
115 116 3 4194304 2.001364846
89 90 3 4194304 2.001364855
32 33 3 4194304 2.001364913
21 22 3 4194304 2.001365047
4 5 3 4194304 2.001365164
85 86 3 4194304 2.001365233
104 105 3 4194304 2.001365266
106 107 3 4194304 2.001365329
127 0 3 4194304 2.001365381
109 110 3 4194304 2.001365448
113 114 3 4194304 2.001365531
81 82 3 4194304 2.001365680
12 13 3 4194304 2.001365754
65 66 3 4194304 2.001365956
84 85 3 4194304 2.001365987
56 57 3 4194304 2.001366048
80 81 3 4194304 2.001366064
27 28 3 4194304 2.001366153
15 16 3 4194304 2.001366178
20 21 3 4194304 2.001366184
91 92 3 4194304 2.001366250
53 54 3 4194304 2.001366337
44 45 3 4194304 2.001366374
64 65 3 4194304 2.001366438
68 69 3 4194304 2.001366475
34 35 3 4194304 2.001366477
29 30 3 4194304 2.001366485
24 25 3 4194304 2.001366489
124 125 3 4194304 2.001366500
13 14 3 4194304 2.001366640
42 43 3 4194304 2.001366851
18 19 3 4194304 2.001366914
5 6 3 4194304 2.001367087
47 48 3 4194304 2.001367132
98 99 3 4194304 2.001367156
120 121 3 4194304 2.001367470
96 97 3 4194304 2.001367502
76 77 3 4194304 2.001367579
101 102 3 4194304 2.001367695
118 119 3 4194304 2.001367737
122 123 3 4194304 2.001367825
102 103 3 4194304 2.001367864
87 88 3 4194304 2.001368133
112 113 3 4194304 2.001368173
114 115 3 4194304 2.001368174
39 40 3 4194304 2.001368215
3 4 3 4194304 2.001368268
78 79 3 4194304 2.001368317
83 84 3 4194304 2.001368374
88 89 3 4194304 2.001368456
1 2 3 4194304 2.001368530
50 51 3 4194304 2.001368542
9 10 3 4194304 2.001368801
125 126 3 4194304 2.001368805
28 29 3 4194304 2.001368847
63 64 3 4194304 2.001368880
23 24 3 4194304 2.001368956
59 60 3 4194304 2.001368959
6 7 3 4194304 2.001369074
41 42 3 4194304 2.001369307
93 94 3 4194304 2.001369312
103 104 3 4194304 2.001369345
25 26 3 4194304 2.001369358
17 18 3 4194304 2.001369406
67 68 3 4194304 2.001369442
97 98 3 4194304 2.001369448
45 46 3 4194304 2.001369456
99 100 3 4194304 2.001369469
105 106 3 4194304 2.001369513
73 74 3 4194304 2.001369605
126 127 3 4194304 2.001369640
0 1 3 4194304 2.001369881
111 112 3 4194304 2.001369930
104 105 3 4194304 2.001700106
41 42 3 4194304 2.001700161
118 119 3 4194304 2.001700203
42 43 3 4194304 2.001700271
117 118 3 4194304 2.001700273
53 54 3 4194304 2.001700367
75 76 3 4194304 2.001700410
109 110 3 4194304 2.001700608
63 64 3 4194304 2.001700720
22 23 3 4194304 2.001700750
32 33 3 4194304 2.001700924
93 94 3 4194304 2.001700980
57 58 3 4194304 2.001700996
97 98 3 4194304 2.001701106
76 77 3 4194304 2.001701319
78 79 3 4194304 2.001701324
26 27 3 4194304 2.001701410
90 91 3 4194304 2.001701564
88 89 3 4194304 2.001701675
47 48 3 4194304 2.001701703
74 75 3 4194304 2.001701750
92 93 3 4194304 2.001701820
91 92 3 4194304 2.001701876
9 10 3 4194304 2.001701909
35 36 3 4194304 2.001701941
11 12 3 4194304 2.001702011
101 102 3 4194304 2.001702016
96 97 3 4194304 2.001702042
46 47 3 4194304 2.001702106
30 31 3 4194304 2.001702148
25 26 3 4194304 2.001702221
31 32 3 4194304 2.001702270
54 55 3 4194304 2.001702513
20 21 3 4194304 2.001702652
111 112 3 4194304 2.001702858
112 113 3 4194304 2.001702919
37 38 3 4194304 2.001703225
80 81 3 4194304 2.001703259
105 106 3 4194304 2.001703287
34 35 3 4194304 2.001703291
82 83 3 4194304 2.001703430
124 125 3 4194304 2.001703520
110 111 3 4194304 2.001703559
14 15 3 4194304 2.001703582
38 39 3 4194304 2.001703726
33 34 3 4194304 2.001703765
66 67 3 4194304 2.001703841
8 9 3 4194304 2.001703887
122 123 3 4194304 2.001703894
64 65 3 4194304 2.001703920
15 16 3 4194304 2.001703937
106 107 3 4194304 2.001703945
68 69 3 4194304 2.001703961
1 2 3 4194304 2.001703977
115 116 3 4194304 2.001703992
120 121 3 4194304 2.001704059
73 74 3 4194304 2.001704143
71 72 3 4194304 2.001704302
123 124 3 4194304 2.001704492
6 7 3 4194304 2.001704501
12 13 3 4194304 2.001704574
62 63 3 4194304 2.001704839
18 19 3 4194304 2.001704896
121 122 3 4194304 2.001705079
77 78 3 4194304 2.001705108
61 62 3 4194304 2.001705156
65 66 3 4194304 2.001705163
85 86 3 4194304 2.001705173
5 6 3 4194304 2.001705229
103 104 3 4194304 2.001705243
94 95 3 4194304 2.001705447
86 87 3 4194304 2.001705497
55 56 3 4194304 2.001705725
10 11 3 4194304 2.001705963
119 120 3 4194304 2.001706055
16 17 3 4194304 2.001706103
127 0 3 4194304 2.001706213
87 88 3 4194304 2.001706260
58 59 3 4194304 2.001706343
43 44 3 4194304 2.001706396
28 29 3 4194304 2.001706512
107 108 3 4194304 2.001706756
52 53 3 4194304 2.001706797
69 70 3 4194304 2.001706811
89 90 3 4194304 2.001706895
102 103 3 4194304 2.001706947
49 50 3 4194304 2.001706993
84 85 3 4194304 2.001707052
29 30 3 4194304 2.001707210
3 4 3 4194304 2.001707471
83 84 3 4194304 2.001707539
50 51 3 4194304 2.001707829
81 82 3 4194304 2.001707831
13 14 3 4194304 2.001708044
116 117 3 4194304 2.001708081
79 80 3 4194304 2.001708103
99 100 3 4194304 2.001708255
45 46 3 4194304 2.001708271
108 109 3 4194304 2.001708278
36 37 3 4194304 2.001708385
126 127 3 4194304 2.001708408
4 5 3 4194304 2.001708732
114 115 3 4194304 2.001708736
48 49 3 4194304 2.001708787
40 41 3 4194304 2.001708801
23 24 3 4194304 2.001708832
7 8 3 4194304 2.001708861
72 73 3 4194304 2.001708906
59 60 3 4194304 2.001708926
2 3 3 4194304 2.001709006
0 1 3 4194304 2.001709074
21 22 3 4194304 2.001709148
100 101 3 4194304 2.001709222
113 114 3 4194304 2.001709284
56 57 3 4194304 2.001709341
67 68 3 4194304 2.001709357
27 28 3 4194304 2.001709390
39 40 3 4194304 2.001709410
95 96 3 4194304 2.001709414
125 126 3 4194304 2.001709535
60 61 3 4194304 2.001709579
51 52 3 4194304 2.001709619
98 99 3 4194304 2.001709698
44 45 3 4194304 2.001709716
70 71 3 4194304 2.001709792
19 20 3 4194304 2.001709854
24 25 3 4194304 2.001709893
17 18 3 4194304 2.001709920
99 100 3 4194304 2.002040049
61 62 3 4194304 2.002040066
41 42 3 4194304 2.002040123
85 86 3 4194304 2.002040164
8 9 3 4194304 2.002040173
95 96 3 4194304 2.002040332
108 109 3 4194304 2.002040473
28 29 3 4194304 2.002040523
112 113 3 4194304 2.002040635
103 104 3 4194304 2.002040885
84 85 3 4194304 2.002040950
0 1 3 4194304 2.002041103
123 124 3 4194304 2.002041106
24 25 3 4194304 2.002041144
34 35 3 4194304 2.002041254
70 71 3 4194304 2.002041363
107 108 3 4194304 2.002041400
23 24 3 4194304 2.002041905
22 23 3 4194304 2.002041968
121 122 3 4194304 2.002041995
13 14 3 4194304 2.002042008
114 115 3 4194304 2.002042047
46 47 3 4194304 2.002042067
86 87 3 4194304 2.002042097
111 112 3 4194304 2.002042106
97 98 3 4194304 2.002042154
120 121 3 4194304 2.002042197
5 6 3 4194304 2.002042200
72 73 3 4194304 2.002042377
124 125 3 4194304 2.002042447
105 106 3 4194304 2.002042587
98 99 3 4194304 2.002042629
96 97 3 4194304 2.002042632
32 33 3 4194304 2.002042843
80 81 3 4194304 2.002042891
71 72 3 4194304 2.002043038
75 76 3 4194304 2.002043097
58 59 3 4194304 2.002043145
127 0 3 4194304 2.002043161
10 11 3 4194304 2.002043223
4 5 3 4194304 2.002043465
33 34 3 4194304 2.002043583
18 19 3 4194304 2.002043777
52 53 3 4194304 2.002043784
78 79 3 4194304 2.002043784
118 119 3 4194304 2.002043790
104 105 3 4194304 2.002043852
47 48 3 4194304 2.002043987
82 83 3 4194304 2.002044030
21 22 3 4194304 2.002044192
73 74 3 4194304 2.002044239
69 70 3 4194304 2.002044359
117 118 3 4194304 2.002044406
66 67 3 4194304 2.002044436
30 31 3 4194304 2.002044467
3 4 3 4194304 2.002044481
35 36 3 4194304 2.002044567
87 88 3 4194304 2.002044581
51 52 3 4194304 2.002044590
40 41 3 4194304 2.002044682
88 89 3 4194304 2.002044813
54 55 3 4194304 2.002044825
113 114 3 4194304 2.002044904
109 110 3 4194304 2.002044985
43 44 3 4194304 2.002045017
6 7 3 4194304 2.002045100
31 32 3 4194304 2.002045147
67 68 3 4194304 2.002045216
116 117 3 4194304 2.002045383
55 56 3 4194304 2.002045430
56 57 3 4194304 2.002045466
91 92 3 4194304 2.002045556
92 93 3 4194304 2.002045581
7 8 3 4194304 2.002045714
89 90 3 4194304 2.002045788
68 69 3 4194304 2.002045799
63 64 3 4194304 2.002045850
44 45 3 4194304 2.002045864
126 127 3 4194304 2.002046124
38 39 3 4194304 2.002046318
59 60 3 4194304 2.002046454
119 120 3 4194304 2.002046510
27 28 3 4194304 2.002046651
65 66 3 4194304 2.002046766
101 102 3 4194304 2.002046875
25 26 3 4194304 2.002046966
50 51 3 4194304 2.002046976
64 65 3 4194304 2.002047019
79 80 3 4194304 2.002047089
19 20 3 4194304 2.002047124
57 58 3 4194304 2.002047135
49 50 3 4194304 2.002047486
115 116 3 4194304 2.002047514
77 78 3 4194304 2.002047603
29 30 3 4194304 2.002047941
74 75 3 4194304 2.002048013
45 46 3 4194304 2.002048038
60 61 3 4194304 2.002048123
62 63 3 4194304 2.002048125
53 54 3 4194304 2.002048258
11 12 3 4194304 2.002048385
48 49 3 4194304 2.002048420
90 91 3 4194304 2.002048436
1 2 3 4194304 2.002048512
76 77 3 4194304 2.002048583
81 82 3 4194304 2.002048586
125 126 3 4194304 2.002048641
39 40 3 4194304 2.002048668
102 103 3 4194304 2.002048723
93 94 3 4194304 2.002048735
17 18 3 4194304 2.002048756
42 43 3 4194304 2.002048794
122 123 3 4194304 2.002048877
106 107 3 4194304 2.002048903
83 84 3 4194304 2.002048937
100 101 3 4194304 2.002049147
2 3 3 4194304 2.002049229
16 17 3 4194304 2.002049247
94 95 3 4194304 2.002049302
15 16 3 4194304 2.002049313
20 21 3 4194304 2.002049345
14 15 3 4194304 2.002049419
12 13 3 4194304 2.002049421
37 38 3 4194304 2.002049501
36 37 3 4194304 2.002049529
26 27 3 4194304 2.002049662
110 111 3 4194304 2.002049669
9 10 3 4194304 2.002049711
79 80 3 4194304 2.002380228
17 18 3 4194304 2.002380425
127 0 3 4194304 2.002380434
12 13 3 4194304 2.002380444
24 25 3 4194304 2.002380466
41 42 3 4194304 2.002380583
51 52 3 4194304 2.002380751
81 82 3 4194304 2.002380807
43 44 3 4194304 2.002380809
112 113 3 4194304 2.002380994
111 112 3 4194304 2.002381170
68 69 3 4194304 2.002381255
114 115 3 4194304 2.002381339
106 107 3 4194304 2.002381438
80 81 3 4194304 2.002381713
70 71 3 4194304 2.002381733
19 20 3 4194304 2.002381741
103 104 3 4194304 2.002381857
18 19 3 4194304 2.002381858
34 35 3 4194304 2.002381965
23 24 3 4194304 2.002382198
126 127 3 4194304 2.002382213
14 15 3 4194304 2.002382310
16 17 3 4194304 2.002382312
36 37 3 4194304 2.002382333
117 118 3 4194304 2.002382335
27 28 3 4194304 2.002382343
47 48 3 4194304 2.002382374
122 123 3 4194304 2.002382451
98 99 3 4194304 2.002382490
71 72 3 4194304 2.002382533
31 32 3 4194304 2.002382699
49 50 3 4194304 2.002382788
25 26 3 4194304 2.002382824
108 109 3 4194304 2.002382864
95 96 3 4194304 2.002382909
20 21 3 4194304 2.002382972
62 63 3 4194304 2.002383029
102 103 3 4194304 2.002383034
5 6 3 4194304 2.002383158
115 116 3 4194304 2.002383251
123 124 3 4194304 2.002383295
45 46 3 4194304 2.002383322
56 57 3 4194304 2.002383352
96 97 3 4194304 2.002383428
109 110 3 4194304 2.002383437
69 70 3 4194304 2.002383524
75 76 3 4194304 2.002383769
85 86 3 4194304 2.002383827
83 84 3 4194304 2.002383887
37 38 3 4194304 2.002383893
118 119 3 4194304 2.002384091
50 51 3 4194304 2.002384156
58 59 3 4194304 2.002384254
21 22 3 4194304 2.002384406
42 43 3 4194304 2.002384410
40 41 3 4194304 2.002384530
2 3 3 4194304 2.002384534
82 83 3 4194304 2.002384549
107 108 3 4194304 2.002384552
89 90 3 4194304 2.002384564
65 66 3 4194304 2.002384723
74 75 3 4194304 2.002384783
67 68 3 4194304 2.002384943
13 14 3 4194304 2.002385112
87 88 3 4194304 2.002385128
39 40 3 4194304 2.002385226
78 79 3 4194304 2.002385292
88 89 3 4194304 2.002385330
54 55 3 4194304 2.002385334
33 34 3 4194304 2.002385350
99 100 3 4194304 2.002385367
30 31 3 4194304 2.002385502
113 114 3 4194304 2.002385529
9 10 3 4194304 2.002385595
121 122 3 4194304 2.002385705
1 2 3 4194304 2.002385773
76 77 3 4194304 2.002385928
60 61 3 4194304 2.002385948
105 106 3 4194304 2.002386010
46 47 3 4194304 2.002386040
55 56 3 4194304 2.002386078
44 45 3 4194304 2.002386114
3 4 3 4194304 2.002386238
35 36 3 4194304 2.002386259
53 54 3 4194304 2.002386507
66 67 3 4194304 2.002386603
11 12 3 4194304 2.002386671
15 16 3 4194304 2.002386685
124 125 3 4194304 2.002386731
48 49 3 4194304 2.002386936
125 126 3 4194304 2.002387005
6 7 3 4194304 2.002387204
90 91 3 4194304 2.002387214
4 5 3 4194304 2.002387250
97 98 3 4194304 2.002387324
101 102 3 4194304 2.002387482
92 93 3 4194304 2.002387485
77 78 3 4194304 2.002387870
38 39 3 4194304 2.002387939
116 117 3 4194304 2.002388024
59 60 3 4194304 2.002388184
63 64 3 4194304 2.002388212
120 121 3 4194304 2.002388292
10 11 3 4194304 2.002388347
61 62 3 4194304 2.002388372
57 58 3 4194304 2.002388431
86 87 3 4194304 2.002388451
94 95 3 4194304 2.002388488
84 85 3 4194304 2.002388611
0 1 3 4194304 2.002388631
28 29 3 4194304 2.002388634
7 8 3 4194304 2.002388648
22 23 3 4194304 2.002388731
26 27 3 4194304 2.002388756
104 105 3 4194304 2.002388768
32 33 3 4194304 2.002388804
64 65 3 4194304 2.002388811
72 73 3 4194304 2.002388814
93 94 3 4194304 2.002389056
29 30 3 4194304 2.002389074
119 120 3 4194304 2.002389227
8 9 3 4194304 2.002389378
110 111 3 4194304 2.002389578
100 101 3 4194304 2.002389603
91 92 3 4194304 2.002389619
73 74 3 4194304 2.002389875
52 53 3 4194304 2.002389984
48 49 3 4194304 2.002720035
104 105 3 4194304 2.002720122
111 112 3 4194304 2.002720169
92 93 3 4194304 2.002720209
83 84 3 4194304 2.002720265
39 40 3 4194304 2.002720266
50 51 3 4194304 2.002720323
2 3 3 4194304 2.002720333
14 15 3 4194304 2.002720342
93 94 3 4194304 2.002720673
29 30 3 4194304 2.002720787
66 67 3 4194304 2.002720812
32 33 3 4194304 2.002720861
62 63 3 4194304 2.002721009
61 62 3 4194304 2.002721226
44 45 3 4194304 2.002721274
116 117 3 4194304 2.002721309
118 119 3 4194304 2.002721341
74 75 3 4194304 2.002721473
120 121 3 4194304 2.002721569
21 22 3 4194304 2.002721632
60 61 3 4194304 2.002721868
107 108 3 4194304 2.002721925
125 126 3 4194304 2.002721964
12 13 3 4194304 2.002722006
80 81 3 4194304 2.002722070
18 19 3 4194304 2.002722091
64 65 3 4194304 2.002722175
75 76 3 4194304 2.002722257
127 0 3 4194304 2.002722266
31 32 3 4194304 2.002722308
95 96 3 4194304 2.002722644
123 124 3 4194304 2.002722894
8 9 3 4194304 2.002722926
97 98 3 4194304 2.002722948
20 21 3 4194304 2.002723012
47 48 3 4194304 2.002723193
27 28 3 4194304 2.002723266
16 17 3 4194304 2.002723317
63 64 3 4194304 2.002723338
30 31 3 4194304 2.002723442
37 38 3 4194304 2.002723444
121 122 3 4194304 2.002723450
17 18 3 4194304 2.002723461
103 104 3 4194304 2.002723533
85 86 3 4194304 2.002723535
41 42 3 4194304 2.002723573
115 116 3 4194304 2.002723924
10 11 3 4194304 2.002724013
11 12 3 4194304 2.002724320
114 115 3 4194304 2.002724399
58 59 3 4194304 2.002724553
84 85 3 4194304 2.002724573
108 109 3 4194304 2.002724754
65 66 3 4194304 2.002724803
35 36 3 4194304 2.002724955
117 118 3 4194304 2.002725038
94 95 3 4194304 2.002725169
45 46 3 4194304 2.002725212
42 43 3 4194304 2.002725396
96 97 3 4194304 2.002725436
15 16 3 4194304 2.002725452
100 101 3 4194304 2.002725680
122 123 3 4194304 2.002725734
109 110 3 4194304 2.002725771
99 100 3 4194304 2.002725921
72 73 3 4194304 2.002726007
40 41 3 4194304 2.002726037
98 99 3 4194304 2.002726052
119 120 3 4194304 2.002726119
126 127 3 4194304 2.002726277
36 37 3 4194304 2.002726308
49 50 3 4194304 2.002726397
69 70 3 4194304 2.002726431
26 27 3 4194304 2.002726494
28 29 3 4194304 2.002726564
82 83 3 4194304 2.002726584
34 35 3 4194304 2.002726602
88 89 3 4194304 2.002726618
67 68 3 4194304 2.002726652
113 114 3 4194304 2.002726696
87 88 3 4194304 2.002726745
59 60 3 4194304 2.002726887
38 39 3 4194304 2.002726951
23 24 3 4194304 2.002726962
81 82 3 4194304 2.002727060
71 72 3 4194304 2.002727153
0 1 3 4194304 2.002727246
102 103 3 4194304 2.002727430
55 56 3 4194304 2.002727546
24 25 3 4194304 2.002727622
7 8 3 4194304 2.002727673
3 4 3 4194304 2.002727772
89 90 3 4194304 2.002727802
53 54 3 4194304 2.002727808
19 20 3 4194304 2.002727819
68 69 3 4194304 2.002727899
73 74 3 4194304 2.002728066
33 34 3 4194304 2.002728076
76 77 3 4194304 2.002728099
112 113 3 4194304 2.002728111
124 125 3 4194304 2.002728201
90 91 3 4194304 2.002728277
54 55 3 4194304 2.002728358
57 58 3 4194304 2.002728378
22 23 3 4194304 2.002728610
78 79 3 4194304 2.002728622
43 44 3 4194304 2.002728637
91 92 3 4194304 2.002728643
25 26 3 4194304 2.002728832
9 10 3 4194304 2.002728976
79 80 3 4194304 2.002728985
46 47 3 4194304 2.002729030
5 6 3 4194304 2.002729102
52 53 3 4194304 2.002729197
70 71 3 4194304 2.002729255
56 57 3 4194304 2.002729331
1 2 3 4194304 2.002729407
51 52 3 4194304 2.002729607
105 106 3 4194304 2.002729622
110 111 3 4194304 2.002729635
101 102 3 4194304 2.002729653
4 5 3 4194304 2.002729818
86 87 3 4194304 2.002729830
77 78 3 4194304 2.002729902
6 7 3 4194304 2.002729948
13 14 3 4194304 2.002729957
106 107 3 4194304 2.002729966
58 59 3 4194304 2.003060080
49 50 3 4194304 2.003060112
92 93 3 4194304 2.003060215
67 68 3 4194304 2.003060324
87 88 3 4194304 2.003060395
26 27 3 4194304 2.003060419
1 2 3 4194304 2.003060489
123 124 3 4194304 2.003060562
33 34 3 4194304 2.003060684
46 47 3 4194304 2.003060749
4 5 3 4194304 2.003060830
93 94 3 4194304 2.003060878
108 109 3 4194304 2.003060879
15 16 3 4194304 2.003060887
60 61 3 4194304 2.003061131
121 122 3 4194304 2.003061355
3 4 3 4194304 2.003061453
17 18 3 4194304 2.003061493
84 85 3 4194304 2.003061636
55 56 3 4194304 2.003061728
85 86 3 4194304 2.003061870
83 84 3 4194304 2.003061962
12 13 3 4194304 2.003061970
120 121 3 4194304 2.003062051
66 67 3 4194304 2.003062159
7 8 3 4194304 2.003062160
71 72 3 4194304 2.003062259
6 7 3 4194304 2.003062310
124 125 3 4194304 2.003062366
57 58 3 4194304 2.003062533
72 73 3 4194304 2.003062625
23 24 3 4194304 2.003062635
37 38 3 4194304 2.003062643
105 106 3 4194304 2.003062647
97 98 3 4194304 2.003062653
106 107 3 4194304 2.003062654
25 26 3 4194304 2.003062657
28 29 3 4194304 2.003062669
82 83 3 4194304 2.003062670
22 23 3 4194304 2.003062697
76 77 3 4194304 2.003062727
114 115 3 4194304 2.003062828
104 105 3 4194304 2.003062844
13 14 3 4194304 2.003063083
78 79 3 4194304 2.003063089
111 112 3 4194304 2.003063150
2 3 3 4194304 2.003063267
77 78 3 4194304 2.003063288
34 35 3 4194304 2.003063318
65 66 3 4194304 2.003063376
75 76 3 4194304 2.003063507
100 101 3 4194304 2.003063553
0 1 3 4194304 2.003063629
50 51 3 4194304 2.003063670
103 104 3 4194304 2.003063690
119 120 3 4194304 2.003063695
42 43 3 4194304 2.003063725
61 62 3 4194304 2.003063725
20 21 3 4194304 2.003063759
5 6 3 4194304 2.003063774
98 99 3 4194304 2.003063983
94 95 3 4194304 2.003064063
39 40 3 4194304 2.003064106
47 48 3 4194304 2.003064165
95 96 3 4194304 2.003064203
62 63 3 4194304 2.003064350
45 46 3 4194304 2.003064769
32 33 3 4194304 2.003064837
107 108 3 4194304 2.003064913
102 103 3 4194304 2.003064993
53 54 3 4194304 2.003064996
44 45 3 4194304 2.003065183
118 119 3 4194304 2.003065187
126 127 3 4194304 2.003065375
90 91 3 4194304 2.003065403
48 49 3 4194304 2.003065506
64 65 3 4194304 2.003065520
59 60 3 4194304 2.003065641
8 9 3 4194304 2.003065644
127 0 3 4194304 2.003065688
38 39 3 4194304 2.003065713
29 30 3 4194304 2.003065730
63 64 3 4194304 2.003065748
81 82 3 4194304 2.003065776
16 17 3 4194304 2.003065840
35 36 3 4194304 2.003065848
70 71 3 4194304 2.003065848
54 55 3 4194304 2.003065859
31 32 3 4194304 2.003066077
11 12 3 4194304 2.003066205
36 37 3 4194304 2.003066264
30 31 3 4194304 2.003066277
21 22 3 4194304 2.003066345
68 69 3 4194304 2.003066458
89 90 3 4194304 2.003066589
56 57 3 4194304 2.003066669
43 44 3 4194304 2.003066949
113 114 3 4194304 2.003067062
14 15 3 4194304 2.003067088
79 80 3 4194304 2.003067133
24 25 3 4194304 2.003067182
101 102 3 4194304 2.003067191
96 97 3 4194304 2.003067291
52 53 3 4194304 2.003067571
117 118 3 4194304 2.003067800
18 19 3 4194304 2.003067994
9 10 3 4194304 2.003068151
19 20 3 4194304 2.003068154
40 41 3 4194304 2.003068158
99 100 3 4194304 2.003068164
112 113 3 4194304 2.003068408
122 123 3 4194304 2.003068508
88 89 3 4194304 2.003068862
41 42 3 4194304 2.003068913
115 116 3 4194304 2.003068951
51 52 3 4194304 2.003069060
27 28 3 4194304 2.003069088
110 111 3 4194304 2.003069190
125 126 3 4194304 2.003069306
69 70 3 4194304 2.003069468
86 87 3 4194304 2.003069669
10 11 3 4194304 2.003069690
109 110 3 4194304 2.003069741
116 117 3 4194304 2.003069789
80 81 3 4194304 2.003069812
74 75 3 4194304 2.003069821
73 74 3 4194304 2.003069935
91 92 3 4194304 2.003069966
98 99 3 4194304 2.003400002
3 4 3 4194304 2.003400090
61 62 3 4194304 2.003400101
120 121 3 4194304 2.003400279
71 72 3 4194304 2.003400356
68 69 3 4194304 2.003400408
103 104 3 4194304 2.003400543
59 60 3 4194304 2.003400549
63 64 3 4194304 2.003400621
78 79 3 4194304 2.003400773
19 20 3 4194304 2.003400804
80 81 3 4194304 2.003400839
1 2 3 4194304 2.003400843
99 100 3 4194304 2.003400878
31 32 3 4194304 2.003401020
62 63 3 4194304 2.003401035
119 120 3 4194304 2.003401044
54 55 3 4194304 2.003401125
118 119 3 4194304 2.003401146
100 101 3 4194304 2.003401236
85 86 3 4194304 2.003401286
87 88 3 4194304 2.003401347
10 11 3 4194304 2.003402017
38 39 3 4194304 2.003402018
105 106 3 4194304 2.003402033
121 122 3 4194304 2.003402034
64 65 3 4194304 2.003402114
24 25 3 4194304 2.003402156
26 27 3 4194304 2.003402214
114 115 3 4194304 2.003402225
9 10 3 4194304 2.003402263
92 93 3 4194304 2.003402328
28 29 3 4194304 2.003402442
79 80 3 4194304 2.003402560
72 73 3 4194304 2.003402575
65 66 3 4194304 2.003402584
113 114 3 4194304 2.003402614
46 47 3 4194304 2.003402678
2 3 3 4194304 2.003402753
106 107 3 4194304 2.003402790
95 96 3 4194304 2.003402834
94 95 3 4194304 2.003402841
16 17 3 4194304 2.003402848
52 53 3 4194304 2.003402960
97 98 3 4194304 2.003402995
23 24 3 4194304 2.003403034
51 52 3 4194304 2.003403041
13 14 3 4194304 2.003403180
39 40 3 4194304 2.003403249
25 26 3 4194304 2.003403328
45 46 3 4194304 2.003403406
101 102 3 4194304 2.003403418
42 43 3 4194304 2.003403706
0 1 3 4194304 2.003403850
69 70 3 4194304 2.003403866
67 68 3 4194304 2.003404332
123 124 3 4194304 2.003404363
111 112 3 4194304 2.003404428
35 36 3 4194304 2.003404517
66 67 3 4194304 2.003404558
84 85 3 4194304 2.003404761
91 92 3 4194304 2.003404780
88 89 3 4194304 2.003404840
4 5 3 4194304 2.003404892
93 94 3 4194304 2.003404917
43 44 3 4194304 2.003405071
7 8 3 4194304 2.003405094
22 23 3 4194304 2.003405236
60 61 3 4194304 2.003405265
117 118 3 4194304 2.003405381
17 18 3 4194304 2.003405398
75 76 3 4194304 2.003405485
116 117 3 4194304 2.003405526
124 125 3 4194304 2.003405598
49 50 3 4194304 2.003405612
8 9 3 4194304 2.003405633
37 38 3 4194304 2.003405651
122 123 3 4194304 2.003405694
112 113 3 4194304 2.003405750
107 108 3 4194304 2.003405757
48 49 3 4194304 2.003405803
47 48 3 4194304 2.003406049
40 41 3 4194304 2.003406117
12 13 3 4194304 2.003406121
109 110 3 4194304 2.003406156
21 22 3 4194304 2.003406191
55 56 3 4194304 2.003406194
34 35 3 4194304 2.003406271
110 111 3 4194304 2.003406315
102 103 3 4194304 2.003406335
81 82 3 4194304 2.003406396
20 21 3 4194304 2.003406469
14 15 3 4194304 2.003406486
90 91 3 4194304 2.003406546
115 116 3 4194304 2.003406709
29 30 3 4194304 2.003406712
86 87 3 4194304 2.003406869
57 58 3 4194304 2.003406943
58 59 3 4194304 2.003406976
33 34 3 4194304 2.003406997
70 71 3 4194304 2.003407024
6 7 3 4194304 2.003407061
5 6 3 4194304 2.003407084
127 0 3 4194304 2.003407122
32 33 3 4194304 2.003407242
76 77 3 4194304 2.003407247
18 19 3 4194304 2.003407252
56 57 3 4194304 2.003407423
41 42 3 4194304 2.003407512
96 97 3 4194304 2.003407598
89 90 3 4194304 2.003407890
77 78 3 4194304 2.003407911
36 37 3 4194304 2.003408098
104 105 3 4194304 2.003408125
15 16 3 4194304 2.003408129
108 109 3 4194304 2.003408157
74 75 3 4194304 2.003408180
50 51 3 4194304 2.003408204
126 127 3 4194304 2.003408248
44 45 3 4194304 2.003408388
125 126 3 4194304 2.003408479
83 84 3 4194304 2.003408523
53 54 3 4194304 2.003408755
73 74 3 4194304 2.003408811
30 31 3 4194304 2.003409631
27 28 3 4194304 2.003409771
82 83 3 4194304 2.003409781
11 12 3 4194304 2.003409892
26 27 3 4194304 2.003740267
103 104 3 4194304 2.003740342
30 31 3 4194304 2.003740513
24 25 3 4194304 2.003740572
77 78 3 4194304 2.003740604
111 112 3 4194304 2.003740609
56 57 3 4194304 2.003740661
85 86 3 4194304 2.003740767
38 39 3 4194304 2.003740793
43 44 3 4194304 2.003740903
94 95 3 4194304 2.003740912
19 20 3 4194304 2.003740955
10 11 3 4194304 2.003740986
118 119 3 4194304 2.003741003
53 54 3 4194304 2.003741013
105 106 3 4194304 2.003741024
0 1 3 4194304 2.003741210
44 45 3 4194304 2.003741241
88 89 3 4194304 2.003741374
113 114 3 4194304 2.003741400
12 13 3 4194304 2.003741408
124 125 3 4194304 2.003741421
107 108 3 4194304 2.003741536
15 16 3 4194304 2.003741598
60 61 3 4194304 2.003741981
115 116 3 4194304 2.003741981
16 17 3 4194304 2.003742053
117 118 3 4194304 2.003742105
69 70 3 4194304 2.003742334
92 93 3 4194304 2.003742365
27 28 3 4194304 2.003742453
123 124 3 4194304 2.003742488
98 99 3 4194304 2.003742492
31 32 3 4194304 2.003742541
79 80 3 4194304 2.003742551
33 34 3 4194304 2.003742562
52 53 3 4194304 2.003742922
34 35 3 4194304 2.003742990
87 88 3 4194304 2.003743003
100 101 3 4194304 2.003743091
55 56 3 4194304 2.003743220
6 7 3 4194304 2.003743506
35 36 3 4194304 2.003743528
23 24 3 4194304 2.003743719
65 66 3 4194304 2.003743874
8 9 3 4194304 2.003743956
73 74 3 4194304 2.003743983
49 50 3 4194304 2.003744010
51 52 3 4194304 2.003744011
32 33 3 4194304 2.003744036
58 59 3 4194304 2.003744078
70 71 3 4194304 2.003744183
90 91 3 4194304 2.003744321
25 26 3 4194304 2.003744487
91 92 3 4194304 2.003744499
82 83 3 4194304 2.003744594
17 18 3 4194304 2.003744663
110 111 3 4194304 2.003744709
41 42 3 4194304 2.003744743
7 8 3 4194304 2.003744811
93 94 3 4194304 2.003744858
86 87 3 4194304 2.003744874
116 117 3 4194304 2.003744894
5 6 3 4194304 2.003744903
1 2 3 4194304 2.003744927
120 121 3 4194304 2.003745159
106 107 3 4194304 2.003745165
61 62 3 4194304 2.003745204
119 120 3 4194304 2.003745225
14 15 3 4194304 2.003745267
36 37 3 4194304 2.003745342
39 40 3 4194304 2.003745357
102 103 3 4194304 2.003745370
29 30 3 4194304 2.003745371
18 19 3 4194304 2.003745415
84 85 3 4194304 2.003745565
45 46 3 4194304 2.003745640
22 23 3 4194304 2.003745694
96 97 3 4194304 2.003745742
114 115 3 4194304 2.003745759
48 49 3 4194304 2.003745836
63 64 3 4194304 2.003745857
89 90 3 4194304 2.003746056
72 73 3 4194304 2.003746335
54 55 3 4194304 2.003746399
122 123 3 4194304 2.003746644
71 72 3 4194304 2.003746757
13 14 3 4194304 2.003746817
37 38 3 4194304 2.003746856
47 48 3 4194304 2.003746999
20 21 3 4194304 2.003747057
46 47 3 4194304 2.003747186
21 22 3 4194304 2.003747214
75 76 3 4194304 2.003747220
62 63 3 4194304 2.003747304
3 4 3 4194304 2.003747374
83 84 3 4194304 2.003747390
66 67 3 4194304 2.003747468
78 79 3 4194304 2.003747763
104 105 3 4194304 2.003747859
64 65 3 4194304 2.003747987
97 98 3 4194304 2.003748068
99 100 3 4194304 2.003748111
109 110 3 4194304 2.003748150
50 51 3 4194304 2.003748291
42 43 3 4194304 2.003748412
9 10 3 4194304 2.003748436
40 41 3 4194304 2.003748555
4 5 3 4194304 2.003748582
74 75 3 4194304 2.003748637
59 60 3 4194304 2.003748670
121 122 3 4194304 2.003748670
112 113 3 4194304 2.003748700
2 3 3 4194304 2.003748788
67 68 3 4194304 2.003748832
125 126 3 4194304 2.003748953
28 29 3 4194304 2.003749017
95 96 3 4194304 2.003749092
80 81 3 4194304 2.003749111
81 82 3 4194304 2.003749329
76 77 3 4194304 2.003749371
101 102 3 4194304 2.003749406
127 0 3 4194304 2.003749424
68 69 3 4194304 2.003749445
57 58 3 4194304 2.003749523
11 12 3 4194304 2.003749545
108 109 3 4194304 2.003749678
126 127 3 4194304 2.003749873
12 13 3 4194304 2.004080032
37 38 3 4194304 2.004080159
110 111 3 4194304 2.004080270
78 79 3 4194304 2.004080322
42 43 3 4194304 2.004080480
34 35 3 4194304 2.004080506
24 25 3 4194304 2.004080739
50 51 3 4194304 2.004080770
62 63 3 4194304 2.004080781
97 98 3 4194304 2.004080817
83 84 3 4194304 2.004081314
85 86 3 4194304 2.004081612
48 49 3 4194304 2.004081649
100 101 3 4194304 2.004081857
79 80 3 4194304 2.004081925
123 124 3 4194304 2.004081977
27 28 3 4194304 2.004081978
101 102 3 4194304 2.004082004
29 30 3 4194304 2.004082104
81 82 3 4194304 2.004082125
73 74 3 4194304 2.004082153
121 122 3 4194304 2.004082268
1 2 3 4194304 2.004082286
6 7 3 4194304 2.004082434
58 59 3 4194304 2.004082504
71 72 3 4194304 2.004082510
33 34 3 4194304 2.004082683
94 95 3 4194304 2.004082856
90 91 3 4194304 2.004082861
18 19 3 4194304 2.004082887
103 104 3 4194304 2.004082937
125 126 3 4194304 2.004082937
45 46 3 4194304 2.004082947
89 90 3 4194304 2.004082953
119 120 3 4194304 2.004082975
25 26 3 4194304 2.004083026
72 73 3 4194304 2.004083030
111 112 3 4194304 2.004083047
10 11 3 4194304 2.004083162
52 53 3 4194304 2.004083206
102 103 3 4194304 2.004083279
20 21 3 4194304 2.004083301
117 118 3 4194304 2.004083390
32 33 3 4194304 2.004083475
0 1 3 4194304 2.004083588
4 5 3 4194304 2.004083660
92 93 3 4194304 2.004083753
107 108 3 4194304 2.004083853
56 57 3 4194304 2.004084010
76 77 3 4194304 2.004084013
96 97 3 4194304 2.004084086
112 113 3 4194304 2.004084092
91 92 3 4194304 2.004084093
113 114 3 4194304 2.004084286
21 22 3 4194304 2.004084303
54 55 3 4194304 2.004084389
5 6 3 4194304 2.004084421
57 58 3 4194304 2.004084426
109 110 3 4194304 2.004084473
46 47 3 4194304 2.004084588
114 115 3 4194304 2.004084603
104 105 3 4194304 2.004084619
67 68 3 4194304 2.004084721
43 44 3 4194304 2.004084769
106 107 3 4194304 2.004084785
30 31 3 4194304 2.004085059
74 75 3 4194304 2.004085329
36 37 3 4194304 2.004085435
98 99 3 4194304 2.004085441
60 61 3 4194304 2.004085446
99 100 3 4194304 2.004085509
15 16 3 4194304 2.004085586
38 39 3 4194304 2.004085750
39 40 3 4194304 2.004085826
70 71 3 4194304 2.004085831
120 121 3 4194304 2.004085876
17 18 3 4194304 2.004085914
126 127 3 4194304 2.004086011
86 87 3 4194304 2.004086190
14 15 3 4194304 2.004086199
47 48 3 4194304 2.004086316
66 67 3 4194304 2.004086404
13 14 3 4194304 2.004086417
93 94 3 4194304 2.004086677
68 69 3 4194304 2.004086719
9 10 3 4194304 2.004086799
124 125 3 4194304 2.004086883
35 36 3 4194304 2.004086940
44 45 3 4194304 2.004087024
49 50 3 4194304 2.004087047
75 76 3 4194304 2.004087102
69 70 3 4194304 2.004087103
116 117 3 4194304 2.004087115
11 12 3 4194304 2.004087167
84 85 3 4194304 2.004087174
22 23 3 4194304 2.004087293
87 88 3 4194304 2.004087326
55 56 3 4194304 2.004087334
26 27 3 4194304 2.004087402
3 4 3 4194304 2.004087613
115 116 3 4194304 2.004087755
122 123 3 4194304 2.004087800
65 66 3 4194304 2.004087804
82 83 3 4194304 2.004087895
95 96 3 4194304 2.004087915
80 81 3 4194304 2.004088243
31 32 3 4194304 2.004088270
23 24 3 4194304 2.004088363
53 54 3 4194304 2.004088462
77 78 3 4194304 2.004088508
8 9 3 4194304 2.004088609
2 3 3 4194304 2.004088612
16 17 3 4194304 2.004088624
19 20 3 4194304 2.004088677
40 41 3 4194304 2.004088685
118 119 3 4194304 2.004088700
64 65 3 4194304 2.004088776
105 106 3 4194304 2.004089094
28 29 3 4194304 2.004089165
59 60 3 4194304 2.004089267
108 109 3 4194304 2.004089309
127 0 3 4194304 2.004089402
7 8 3 4194304 2.004089403
51 52 3 4194304 2.004089440
88 89 3 4194304 2.004089479
41 42 3 4194304 2.004089705
63 64 3 4194304 2.004089777
61 62 3 4194304 2.004089913
11 12 3 4194304 2.004420100
66 67 3 4194304 2.004420102
74 75 3 4194304 2.004420105
19 20 3 4194304 2.004420115
1 2 3 4194304 2.004420122
82 83 3 4194304 2.004420135
71 72 3 4194304 2.004420180
55 56 3 4194304 2.004420210
18 19 3 4194304 2.004420453
39 40 3 4194304 2.004420544
103 104 3 4194304 2.004420563
41 42 3 4194304 2.004420655
22 23 3 4194304 2.004420728
105 106 3 4194304 2.004420743
123 124 3 4194304 2.004420775
76 77 3 4194304 2.004420776
32 33 3 4194304 2.004420850
57 58 3 4194304 2.004420893
127 0 3 4194304 2.004420936
31 32 3 4194304 2.004421101
87 88 3 4194304 2.004421112
107 108 3 4194304 2.004421325
35 36 3 4194304 2.004421350
91 92 3 4194304 2.004421567
62 63 3 4194304 2.004421633
43 44 3 4194304 2.004421709
21 22 3 4194304 2.004421734
96 97 3 4194304 2.004421763
99 100 3 4194304 2.004422141
110 111 3 4194304 2.004422157
73 74 3 4194304 2.004422171
34 35 3 4194304 2.004422176
61 62 3 4194304 2.004422212
3 4 3 4194304 2.004422215
88 89 3 4194304 2.004422222
27 28 3 4194304 2.004422286
75 76 3 4194304 2.004422286
53 54 3 4194304 2.004422389
5 6 3 4194304 2.004422478
30 31 3 4194304 2.004422536
25 26 3 4194304 2.004422576
14 15 3 4194304 2.004422588
77 78 3 4194304 2.004422771
13 14 3 4194304 2.004422804
54 55 3 4194304 2.004423180
113 114 3 4194304 2.004423278
101 102 3 4194304 2.004423295
112 113 3 4194304 2.004423304
49 50 3 4194304 2.004423487
122 123 3 4194304 2.004423497
26 27 3 4194304 2.004423752
9 10 3 4194304 2.004423812
47 48 3 4194304 2.004423891
104 105 3 4194304 2.004423901
15 16 3 4194304 2.004424122
72 73 3 4194304 2.004424219
78 79 3 4194304 2.004424471
90 91 3 4194304 2.004425032
117 118 3 4194304 2.004425170
118 119 3 4194304 2.004425376
98 99 3 4194304 2.004425435
48 49 3 4194304 2.004425803
42 43 3 4194304 2.004425842
0 1 3 4194304 2.004425997
92 93 3 4194304 2.004426042
4 5 3 4194304 2.004426057
100 101 3 4194304 2.004426086
50 51 3 4194304 2.004426156
37 38 3 4194304 2.004426226
85 86 3 4194304 2.004426280
95 96 3 4194304 2.004426287
83 84 3 4194304 2.004426332
111 112 3 4194304 2.004426358
94 95 3 4194304 2.004426386
6 7 3 4194304 2.004426466
38 39 3 4194304 2.004426591
65 66 3 4194304 2.004426641
124 125 3 4194304 2.004426726
86 87 3 4194304 2.004426870
52 53 3 4194304 2.004426888
36 37 3 4194304 2.004426990
44 45 3 4194304 2.004427039
121 122 3 4194304 2.004427108
51 52 3 4194304 2.004427196
60 61 3 4194304 2.004427275
69 70 3 4194304 2.004427334
8 9 3 4194304 2.004427393
59 60 3 4194304 2.004427394
97 98 3 4194304 2.004427411
102 103 3 4194304 2.004427427
56 57 3 4194304 2.004427468
67 68 3 4194304 2.004427501
20 21 3 4194304 2.004427644
58 59 3 4194304 2.004427957
108 109 3 4194304 2.004428004
28 29 3 4194304 2.004428116
10 11 3 4194304 2.004428156
17 18 3 4194304 2.004428311
33 34 3 4194304 2.004428408
2 3 3 4194304 2.004428560
80 81 3 4194304 2.004428617
125 126 3 4194304 2.004428635
116 117 3 4194304 2.004428646
29 30 3 4194304 2.004428687
126 127 3 4194304 2.004428720
120 121 3 4194304 2.004428758
106 107 3 4194304 2.004428809
16 17 3 4194304 2.004428826
81 82 3 4194304 2.004428830
119 120 3 4194304 2.004428947
68 69 3 4194304 2.004428971
40 41 3 4194304 2.004429038
23 24 3 4194304 2.004429196
64 65 3 4194304 2.004429283
45 46 3 4194304 2.004429287
109 110 3 4194304 2.004429352
89 90 3 4194304 2.004429359
12 13 3 4194304 2.004429387
7 8 3 4194304 2.004429498
70 71 3 4194304 2.004429553
115 116 3 4194304 2.004429581
46 47 3 4194304 2.004429588
93 94 3 4194304 2.004429605
63 64 3 4194304 2.004429678
114 115 3 4194304 2.004429707
24 25 3 4194304 2.004429809
79 80 3 4194304 2.004429836
84 85 3 4194304 2.004429849
115 116 3 4194304 2.004760056
74 75 3 4194304 2.004760368
98 99 3 4194304 2.004760377
103 104 3 4194304 2.004760677
121 122 3 4194304 2.004760786
56 57 3 4194304 2.004760800
0 1 3 4194304 2.004760864
60 61 3 4194304 2.004760994
25 26 3 4194304 2.004761087
108 109 3 4194304 2.004761134
7 8 3 4194304 2.004761201
119 120 3 4194304 2.004761271
51 52 3 4194304 2.004761310
81 82 3 4194304 2.004761337
104 105 3 4194304 2.004761356
71 72 3 4194304 2.004761396
58 59 3 4194304 2.004761400
32 33 3 4194304 2.004761465
52 53 3 4194304 2.004761491
66 67 3 4194304 2.004761563
12 13 3 4194304 2.004761905
67 68 3 4194304 2.004761930
111 112 3 4194304 2.004761989
54 55 3 4194304 2.004762104
124 125 3 4194304 2.004762178
40 41 3 4194304 2.004762278
33 34 3 4194304 2.004762304
59 60 3 4194304 2.004762438
35 36 3 4194304 2.004762466
70 71 3 4194304 2.004762622
2 3 3 4194304 2.004762650
15 16 3 4194304 2.004762661
76 77 3 4194304 2.004762811
102 103 3 4194304 2.004762937
94 95 3 4194304 2.004762995
75 76 3 4194304 2.004763025
42 43 3 4194304 2.004763044
17 18 3 4194304 2.004763138
28 29 3 4194304 2.004763175
20 21 3 4194304 2.004763176
6 7 3 4194304 2.004763213
29 30 3 4194304 2.004763225
109 110 3 4194304 2.004763289
96 97 3 4194304 2.004763290
79 80 3 4194304 2.004763339
30 31 3 4194304 2.004763504
86 87 3 4194304 2.004763506
49 50 3 4194304 2.004763563
87 88 3 4194304 2.004763584
13 14 3 4194304 2.004763595
9 10 3 4194304 2.004763624
112 113 3 4194304 2.004763696
39 40 3 4194304 2.004763738
101 102 3 4194304 2.004763931
97 98 3 4194304 2.004764145
117 118 3 4194304 2.004764192
22 23 3 4194304 2.004764211
26 27 3 4194304 2.004764404
88 89 3 4194304 2.004764437
72 73 3 4194304 2.004764509
47 48 3 4194304 2.004764669
83 84 3 4194304 2.004764692
27 28 3 4194304 2.004764708
1 2 3 4194304 2.004764716
55 56 3 4194304 2.004764758
61 62 3 4194304 2.004764771
43 44 3 4194304 2.004764829
118 119 3 4194304 2.004764893
113 114 3 4194304 2.004764907
46 47 3 4194304 2.004764948
37 38 3 4194304 2.004765102
77 78 3 4194304 2.004765149
14 15 3 4194304 2.004765217
89 90 3 4194304 2.004765328
50 51 3 4194304 2.004765503
44 45 3 4194304 2.004765650
99 100 3 4194304 2.004765743
127 0 3 4194304 2.004765828
92 93 3 4194304 2.004765841
73 74 3 4194304 2.004765896
38 39 3 4194304 2.004766005
123 124 3 4194304 2.004766020
53 54 3 4194304 2.004766115
36 37 3 4194304 2.004766285
105 106 3 4194304 2.004766371
114 115 3 4194304 2.004766405
78 79 3 4194304 2.004766445
8 9 3 4194304 2.004766491
21 22 3 4194304 2.004766668
23 24 3 4194304 2.004766681
45 46 3 4194304 2.004766691
85 86 3 4194304 2.004766803
10 11 3 4194304 2.004766808
68 69 3 4194304 2.004766925
126 127 3 4194304 2.004767072
122 123 3 4194304 2.004767092
64 65 3 4194304 2.004767151
110 111 3 4194304 2.004767300
91 92 3 4194304 2.004767356
34 35 3 4194304 2.004767478
90 91 3 4194304 2.004767537
107 108 3 4194304 2.004767602
69 70 3 4194304 2.004767711
5 6 3 4194304 2.004767758
24 25 3 4194304 2.004767868
106 107 3 4194304 2.004767901
48 49 3 4194304 2.004767943
80 81 3 4194304 2.004767989
57 58 3 4194304 2.004767991
93 94 3 4194304 2.004768026
62 63 3 4194304 2.004768143
11 12 3 4194304 2.004768252
84 85 3 4194304 2.004768343
4 5 3 4194304 2.004768441
116 117 3 4194304 2.004768490
82 83 3 4194304 2.004768500
95 96 3 4194304 2.004768988
16 17 3 4194304 2.004769103
3 4 3 4194304 2.004769113
125 126 3 4194304 2.004769142
100 101 3 4194304 2.004769253
41 42 3 4194304 2.004769365
120 121 3 4194304 2.004769435
31 32 3 4194304 2.004769583
63 64 3 4194304 2.004769757
19 20 3 4194304 2.004769854
65 66 3 4194304 2.004769942
18 19 3 4194304 2.004769968
